4.041272720803342515e-16
9.619284211866959700e-01
9.633221463046701682e-01
9.637506395523145475e-01
9.608740747964387152e-01
9.586643148147266924e-01
9.327495451931701043e-01
9.375400373250973862e-01
9.299766085830253326e-01
9.294741938551516203e-01
9.305000098412572473e-01
9.231634195398885634e-01
9.507470888259239583e-01
8.841629691888249765e-01
9.101325877483407156e-01
9.085814875425087811e-01
9.044124310611457718e-01
9.009686616236608492e-01
8.970757074329048786e-01
8.919478304033388039e-01
8.922074563128236102e-01
8.876407464854531026e-01
8.808920904265212792e-01
8.743272304777041093e-01
8.692220750871479940e-01
8.632162831891969645e-01
8.570938700177286318e-01
8.579067044138669607e-01
8.269449555926506878e-01
8.242864054010965447e-01
8.144691264130555775e-01
7.969190616910681868e-01
7.929515249791252440e-01
7.854913997744963350e-01
7.722924285971610736e-01
7.670473645091941961e-01
7.605230645242515575e-01
7.446473449909040143e-01
7.381699034594839670e-01
7.283792023271704608e-01
7.423657542605337500e-01
6.907152730667290852e-01
6.935585981633061170e-01
6.886224001552496699e-01
6.770152433354561516e-01
6.631463515587279201e-01
6.531168799885820331e-01
6.377098706871775491e-01
6.375201190864593359e-01
6.501202502971952235e-01
6.059369520942674558e-01
5.992863726576447281e-01
5.851578974579779713e-01
5.687875368239336815e-01
5.483024872498427627e-01
5.271288321479274952e-01
5.075826608702834752e-01
4.834556893094157370e-01
4.640411181230481574e-01
4.395612648048196625e-01
4.219108704987334924e-01
3.975865337964178403e-01
3.724799075585291108e-01
3.633342936041698557e-01
3.116196024986362945e-01
2.991794966320384663e-01
2.760045478481095715e-01
2.678474219260878475e-01
2.616277672090019935e-01
2.598420382472643730e-01
2.580681194420151869e-01
2.670836858701765015e-01
2.418905979596609468e-01
2.518724456638530840e-01
2.558764530843925522e-01
2.395528944310412744e-01
2.492284395835493993e-01
2.499091957012524734e-01
2.553226245157530494e-01
2.577855997932007592e-01
2.640917132467813233e-01
2.565274760771010243e-01
2.613567625451301280e-01
2.674534977827726090e-01
2.674094234368000755e-01
2.728141952395059522e-01
2.879909921377558080e-01
3.008694325960185600e-01
3.039455714118722285e-01
3.267151965091321109e-01
3.427857601261901088e-01
3.597987961100470033e-01
3.892408373920181464e-01
3.994293144777429916e-01
4.098931153284847140e-01
4.279673118586990177e-01
4.394132317903171048e-01
4.577272112429524031e-01
4.635884012015508149e-01
4.742917665837016461e-01
4.895456956058449882e-01
5.068059740237967903e-01
5.265945800406988120e-01
5.160113886681669815e-01
5.341676130313499637e-01
5.534358163467930636e-01
5.668082985272523411e-01
5.783931503088883819e-01
5.833006386656546249e-01
6.061233420433169705e-01
6.018819570531160901e-01
6.204606425504288758e-01
6.316873246314179680e-01
6.400782477080447785e-01
6.549850906005423301e-01
6.629981483352718197e-01
6.823307836973218077e-01
6.878117654155079252e-01
6.921390929834851935e-01
6.978251393071169817e-01
7.040294406408030836e-01
7.218482396466729956e-01
7.389717829822730621e-01
7.390679099758012960e-01
7.365085850151388280e-01
7.277923695814627614e-01
7.305967252978881055e-01
7.379696258898474914e-01
7.310515953754544993e-01
7.437733883220086772e-01
7.405018326783547877e-01
7.252021446465782839e-01
7.350984001043671112e-01
7.390257387865459826e-01
7.415990879336354924e-01
7.362539389565281311e-01
7.368408646376750637e-01
7.359160066638066322e-01
7.410704070741155336e-01
7.425750603811038797e-01
7.401560662867020524e-01
7.441276846919467891e-01
7.452794215118213605e-01
7.496284488498348164e-01
7.462957852145477577e-01
7.579665760975224931e-01
7.557862691138250710e-01
7.568601228899579647e-01
7.641789021191295328e-01
7.677797145281952673e-01
7.757752304011814592e-01
7.796804291432481993e-01
7.809392125953215080e-01
7.883447390101568919e-01
7.951719220420241374e-01
8.120859885042954751e-01
7.812731642415490230e-01
7.961968649027647560e-01
8.097865245983095761e-01
8.229567331251342877e-01
8.011456904839491244e-01
8.225165602442277013e-01
8.237704197796891226e-01
8.273975740863617201e-01
8.229199271496565604e-01
8.336616781860627379e-01
7.969660743249991075e-01
8.011965438149363239e-01
7.959861341637793908e-01
7.762133674989165621e-01
7.815460839029271245e-01
7.897342295487747021e-01
7.592023712660560530e-01
7.643719845363214915e-01
7.569017514843019434e-01
7.402312641066954857e-01
7.300763836757080405e-01
7.192896109002298033e-01
7.093190575925611974e-01
6.950362092733018970e-01
6.916198600741543245e-01
6.847235503471492679e-01
6.769995367827134070e-01
6.686236393397928524e-01
6.542318505973298004e-01
6.451249822514971699e-01
6.368974114886903903e-01
6.405254113335507871e-01
5.897304971628982706e-01
6.192015343658310300e-01
5.938316197450248524e-01
5.938014667218284304e-01
5.811487850318550752e-01
5.633327647279124939e-01
5.565069616599584990e-01
5.526555510161873519e-01
5.483350140206325607e-01
5.476007947044969626e-01
5.545877218483936666e-01
5.513173263049231387e-01
5.544551421927568224e-01
5.592562422798735833e-01
5.651686084001884547e-01
5.611034146180197135e-01
5.730851964769202445e-01
5.929145759053425779e-01
5.769022158910427356e-01
5.830096370292618957e-01
6.139597311192390716e-01
5.893789319241018454e-01
6.287980644022417298e-01
6.224537305181832014e-01
6.354092155650513662e-01
6.440119890351381216e-01
6.642646025493147421e-01
6.774319571182120248e-01
7.006011304308559229e-01
7.095115529010086464e-01
7.237947821060881637e-01
7.364620856670113236e-01
7.549990101774900486e-01
7.562026416305317467e-01
7.823206138559941625e-01
7.783397055714164070e-01
7.810667002529259051e-01
7.747465014370782388e-01
7.861573958750345259e-01
7.796467192395488688e-01
7.699073095873253392e-01
7.642357649632786076e-01
7.528934431916612935e-01
7.563811682749715937e-01
7.249543920309643452e-01
7.366887287891815683e-01
7.378187730879367523e-01
7.052717659143857842e-01
7.244610493435753584e-01
6.709480898914677027e-01
6.780482878409180847e-01
6.736938495199417121e-01
6.628738059608287880e-01
6.551140636019111563e-01
6.465690856234840300e-01
6.330437101022449164e-01
6.182562271065205062e-01
6.172330144313492584e-01
6.061757044751924228e-01
6.004307180191563731e-01
5.901392969706389380e-01
5.861498299658552957e-01
5.798901606554403010e-01
5.784617674323864200e-01
5.799517845209207767e-01
5.764241779280273592e-01
5.650006262970035387e-01
5.778299299828544289e-01
5.696500961546561159e-01
5.782584923898573814e-01
5.886610276627873839e-01
6.027985982805572629e-01
6.132386984046167555e-01
6.240792473043876853e-01
6.314555451051067081e-01
6.314581852894212144e-01
6.462279767303420464e-01
6.570515186619781955e-01
6.785109668450366449e-01
6.939634014845468268e-01
7.074132428566795028e-01
7.229478303750490609e-01
7.334800984218999842e-01
7.433236013884004789e-01
7.505184030581739663e-01
7.671328929175179612e-01
7.821259502893314064e-01
7.963308876723323992e-01
8.081845783829302299e-01
8.379571922455302246e-01
8.085254565497534962e-01
8.537751506392146084e-01
8.596604258077765737e-01
8.511164686786369948e-01
8.661622936730760669e-01
8.647035921638094313e-01
8.944859503088902208e-01
8.697580924509918932e-01
8.920772449676170890e-01
9.010940981939632444e-01
9.041585009830999109e-01
9.012466723932991419e-01
9.042053934809290983e-01
8.967441902794804909e-01
9.185587735686902011e-01
8.965442256241261676e-01
9.223063296974686187e-01
9.279689235098264044e-01
9.259755122572204122e-01
9.274076288773906995e-01
9.292959660409566558e-01
9.403836263993613498e-01
9.408815140069539673e-01
9.606697257642602406e-01
9.239838462332532476e-01
9.436418229392009582e-01
9.450451532069643612e-01
9.510132001712827687e-01
9.664559143592694745e-01
9.241760321497093367e-01
9.362760588629792657e-01
9.537938303952324670e-01
9.399025415435238173e-01
9.306991441384414587e-01
9.335804122302437946e-01
9.175075708134515784e-01
9.131388845624752726e-01
9.208007982186021678e-01
9.350519055645937216e-01
9.087625085246335832e-01
9.327429661487776080e-01
8.912032006787392602e-01
9.066487935799549813e-01
9.172998650931846187e-01
8.977685256233950417e-01
8.845608856376158124e-01
8.968739410307260407e-01
9.008353526033486824e-01
9.058692047420752180e-01
8.980378903476007313e-01
9.054926785457853011e-01
9.036108855032548570e-01
9.210313460463827040e-01
9.171505035161806596e-01
9.334148546600374852e-01
9.318686521715371374e-01
9.364710358041027360e-01
9.431900458020116007e-01
9.578894359997831565e-01
9.175721487163729373e-01
9.289238337452810912e-01
9.711380239698199635e-01
9.309164442096734549e-01
9.210873470523809337e-01
9.262883674105135690e-01
9.280421219427389401e-01
9.169566129866721926e-01
9.043548235620906262e-01
8.968776463375514041e-01
8.802661970108963674e-01
8.945003019004271749e-01
8.498407029555743453e-01
8.446167938183621882e-01
8.501965008161114223e-01
8.451812778333560594e-01
8.320180286508122025e-01
8.189180523105092924e-01
8.083863005395148793e-01
7.951453957610624679e-01
7.869825830982601911e-01
7.959303299284310462e-01
7.647176151364580843e-01
7.835522764946774021e-01
7.683618109328744783e-01
7.508241818827938729e-01
7.397856051586981785e-01
7.347656826499070482e-01
7.258362980727774971e-01
7.160646773162427925e-01
7.018307057973535157e-01
7.019193141665152069e-01
6.868860167451298349e-01
6.748755136319529724e-01
6.679091630603877228e-01
6.597498729821675845e-01
6.582001522333514876e-01
6.563155564208380532e-01
6.666699805001038426e-01
6.682665642540993600e-01
6.775811865747326523e-01
6.826823144772284913e-01
6.891410849020651597e-01
6.922728283704300267e-01
6.990211910950998586e-01
7.057930977984905319e-01
7.171692865704706321e-01
7.299088493777829978e-01
7.341104974048517917e-01
7.486730560798946499e-01
7.601979752669746349e-01
7.716874969182840882e-01
7.853506429614738327e-01
8.128638719982549388e-01
8.016299421179206020e-01
8.210621562342211854e-01
8.320617206073174232e-01
8.319417749458307698e-01
8.214262732589047156e-01
8.494760844779617459e-01
8.736779455268186556e-01
8.926255051812101993e-01
9.125978950775580634e-01
8.817438106388999497e-01
8.767587766883163658e-01
9.250077997509122962e-01
8.958271661431127519e-01
9.181552233146538233e-01
9.177284175615197936e-01
9.233855295054264056e-01
9.317390461390061551e-01
9.399116895219511436e-01
9.474940567623392207e-01
9.526536214700661587e-01
9.527153113076233248e-01
9.601549910821836065e-01
9.621135120140424934e-01
9.606199263496469909e-01
9.572229050748763957e-01
9.564598442172135284e-01
9.565256523481102668e-01
9.640645764677877594e-01
9.547963169702616826e-01
9.541533786556676278e-01
9.585814062978559313e-01
9.615636942501540885e-01
9.319700347114345806e-01
9.439165049939320928e-01
9.740626532723761777e-01
9.199895914628529736e-01
9.616966432300898537e-01
9.258599358974121118e-01
9.366989420833368163e-01
9.410696401435793002e-01
9.424007457552350253e-01
9.512101975904234674e-01
9.459888119845687449e-01
9.344620564260409656e-01
9.379009749968330034e-01
9.466766873648220226e-01
9.287604871547865404e-01
9.282413283193141629e-01
9.227128819410651550e-01
9.299986610743122828e-01
9.309177551749624469e-01
9.308271248733457348e-01
9.268486629973686775e-01
9.192469274357165654e-01
9.195457963581886718e-01
9.108787307320200810e-01
9.054607329420852890e-01
9.141376714696723971e-01
9.105754686460615366e-01
9.055128450220756298e-01
8.933224291934221961e-01
8.875281134138611749e-01
8.999963691037926594e-01
9.035279934235663779e-01
9.010032661427956890e-01
8.963083076709749131e-01
8.867410445558637777e-01
8.863537320957077803e-01
8.865520892197948921e-01
8.823476582957395786e-01
8.747982866924531864e-01
8.727973547737031268e-01
8.703147718498054353e-01
8.754767960374890690e-01
8.759778502336528216e-01
8.718110300403559831e-01
8.686401170219507639e-01
8.626616507067268458e-01
8.669834925763854061e-01
8.683295990002963816e-01
8.682485199527030240e-01
8.644158802914220230e-01
8.652580586737935731e-01
8.601528826900440849e-01
8.572244087168873206e-01
8.540117701765116420e-01
8.484165924827015148e-01
8.527028507047471617e-01
8.078849668114873595e-01
8.195747350913331619e-01
8.093678968182714817e-01
8.077277533921671804e-01
7.864958204593426316e-01
7.789528884983899504e-01
7.660538637067370038e-01
7.553925233943044049e-01
7.455257021055439193e-01
7.431039610310211652e-01
7.217670929046461348e-01
7.172776145956366589e-01
6.898761330123022173e-01
6.775655168321063071e-01
6.671577474630897564e-01
6.560544032319528540e-01
6.432926475562702473e-01
6.305815509512132655e-01
6.196813811145183148e-01
6.057031062327099535e-01
6.037472520848584656e-01
5.683413442641901403e-01
5.795106684954176579e-01
5.647385504815156665e-01
5.542577743252660172e-01
5.423132143881735923e-01
5.329587038410864563e-01
5.244714006502485537e-01
5.144556666030221104e-01
5.033105387332938996e-01
4.982696688541544683e-01
4.888922745349704169e-01
4.918720976026480507e-01
4.898381467383007282e-01
4.972648510602512562e-01
5.020370792082964329e-01
5.065745237376312327e-01
5.119350626788525815e-01
5.153094212218445325e-01
5.245334079922794324e-01
5.314959544530948321e-01
5.474492875143724957e-01
5.590470913975026379e-01
5.712427606543347691e-01
5.849438191826915601e-01
5.903065072485337295e-01
5.961030400862127321e-01
6.058703429777736460e-01
6.243779705434568950e-01
6.333483093054115276e-01
6.472122004412614871e-01
6.568896879233289132e-01
6.671409548213838026e-01
6.750474513691215872e-01
6.876161280831540878e-01
7.050596303859455460e-01
7.043652479360199559e-01
7.146845304748528083e-01
7.228906377177712894e-01
7.279228582754935228e-01
7.411042790323171259e-01
7.541741475945512585e-01
7.643384627244854679e-01
7.712951046129890020e-01
7.766693051743606135e-01
7.829479525485707470e-01
7.925238378749031032e-01
8.026642828107339867e-01
8.124684311405224735e-01
8.157177367815557911e-01
8.308342133662827145e-01
8.299257677648410603e-01
8.434716467670689832e-01
8.504054812264563168e-01
8.573493164399521582e-01
8.627516009257654162e-01
8.721194714601684383e-01
8.850688527453901555e-01
8.850709479471373653e-01
8.926468798466582477e-01
9.012701794689657042e-01
9.025541096798146423e-01
9.082969019544178124e-01
9.096589358655345903e-01
9.168901548713613847e-01
9.185841857989739401e-01
9.209791485695969504e-01
9.233218452956087896e-01
9.242932965785165544e-01
9.219784702475153360e-01
9.257285463893165645e-01
9.224500428749419223e-01
9.199365475944594195e-01
9.172543894143680987e-01
9.115356414315274325e-01
9.133105945405646242e-01
9.129410081708669855e-01
9.132040354707267049e-01
9.116522168019935979e-01
9.128754717375171523e-01
9.051466511013397387e-01
9.024181921924903094e-01
9.024635195397439080e-01
9.059315854963662096e-01
9.085292909422491014e-01
9.005025041608611946e-01
9.011141328377982873e-01
9.010903592870235235e-01
9.056437006350347430e-01
9.042657468355467243e-01
9.057264368450476111e-01
9.053473294266781712e-01
9.102043651839797356e-01
9.090431472708018212e-01
9.111528793786605185e-01
9.123687434913491101e-01
9.178608023006331607e-01
9.137431328879977999e-01
9.129598854276270714e-01
9.118696946384411417e-01
9.118696946384454716e-01
9.115389066847137123e-01
9.115266589628840954e-01
9.087117364709342837e-01
9.117365867397911883e-01
9.014342352052466811e-01
9.064874803878797405e-01
9.030116954391970152e-01
9.037237432424199968e-01
9.056096468125732768e-01
9.049596309228236102e-01
9.109047766369400279e-01
9.126095244407800289e-01
9.164406191346941011e-01
9.153111869194801020e-01
9.196451198152875151e-01
9.141071558629956240e-01
9.100132443541678606e-01
8.983417078706830150e-01
8.990183726710061496e-01
8.901744088098756391e-01
8.843110573208629033e-01
8.876478961840770232e-01
8.883146215727848460e-01
8.812260745121025529e-01
8.757604213482154121e-01
8.649598849079862539e-01
8.654632988174615349e-01
8.654446766836139115e-01
8.587770099973432991e-01
8.602358976466681906e-01
8.441917054792766884e-01
8.403484862841014147e-01
8.365025325126307365e-01
8.358177234899610841e-01
8.455841898356880604e-01
8.441650042497373940e-01
8.360563459480514492e-01
8.299703915803190446e-01
8.343708976828159152e-01
8.494907771129445173e-01
8.540415121058536618e-01
8.574726715178565550e-01
8.607607667639055604e-01
8.844305648833914457e-01
8.616832076813890628e-01
9.206690448255556714e-01
8.634393472618683285e-01
8.980480816192050186e-01
9.017397108367870562e-01
9.115988416513169934e-01
9.031025813826493165e-01
9.075048211442222623e-01
9.062813324790431890e-01
9.096850444522066592e-01
9.139495445592211720e-01
9.072757391774465274e-01
9.054427383882348579e-01
8.984103091572295252e-01
9.021603073179604859e-01
9.043687314364714513e-01
8.906588783591230518e-01
8.875214081925134613e-01
8.723268483773998216e-01
8.673172884821359618e-01
8.558311355051001490e-01
8.559422191363308396e-01
8.345281061773387465e-01
8.263889714293597422e-01
8.136325303231167760e-01
8.041180416456152891e-01
7.922345369901587775e-01
7.934616893713125618e-01
7.869349619885974700e-01
7.850877380268038719e-01
7.821358861476714885e-01
7.737357143107577162e-01
7.623358183897505080e-01
7.602623497188513157e-01
7.637036836364986536e-01
7.605578547356230956e-01
7.552615589979219113e-01
7.752000518575706822e-01
7.472532602136967572e-01
7.646782784936637656e-01
7.705316557416614920e-01
7.727640555823135360e-01
7.719666255091721663e-01
7.562903360482641224e-01
7.389459602027489415e-01
7.436732468631872539e-01
7.358650077289988767e-01
7.122067814897475868e-01
7.030455340161247957e-01
7.001631664119076781e-01
6.940331626802760390e-01
6.668622623151342355e-01
6.693110802160494588e-01
6.738689338439682874e-01
6.234085017065450485e-01
6.344498348175322544e-01
6.386913451738559511e-01
5.953749571488464731e-01
6.156490107195936590e-01
5.679095751966419803e-01
5.777143079412003779e-01
5.645809437981558210e-01
5.555401937753682295e-01
5.462012106358170582e-01
5.325127124304116499e-01
5.239804767355160653e-01
5.016121764869935218e-01
4.965163643828566231e-01
4.908690539237686723e-01
4.715760266383301480e-01
4.643944504405939644e-01
4.517525809555174576e-01
4.409016062570367267e-01
4.335287705561862714e-01
4.039317052423784804e-01
3.975454620543149020e-01
3.861370514467714621e-01
3.694165838183577355e-01
3.695409931252583990e-01
3.519201001647710436e-01
3.399858520585843924e-01
3.287875751910384614e-01
3.191348874692571669e-01
3.095347193773177463e-01
2.982079926829457883e-01
2.953158141718552621e-01
2.926161485632692294e-01
2.885272134478786832e-01
2.881098880635832860e-01
2.836804357018737344e-01
2.808637892288753379e-01
2.799500091087439579e-01
2.804372444951115928e-01
2.806232208852125209e-01
2.838511729762529523e-01
2.843089629259166751e-01
2.976734998282634659e-01
2.960446581176423564e-01
3.004754026538634659e-01
3.114997369180159126e-01
3.198551834815350770e-01
3.245818054050328416e-01
3.144420914890740382e-01
3.233894500443375564e-01
3.231813676560307269e-01
3.089240562015162506e-01
3.094262724785694085e-01
3.034429270884643204e-01
2.936038998378517895e-01
2.843741494932424674e-01
2.705946348322378903e-01
2.690531339717003867e-01
2.321487197897314503e-01
2.901774327889574678e-01
2.688930084624562844e-01
2.714757228556932134e-01
2.655357233970183639e-01
2.835218159154973550e-01
2.859747604247738217e-01
2.774130645805526485e-01
2.869848471609694474e-01
2.872924600472629986e-01
2.730700607902636912e-01
2.753028922841149750e-01
2.506378431123336692e-01
2.494652881665252175e-01
2.496651966133577594e-01
2.292700174466765217e-01
2.195119914719876053e-01
2.192414972125853179e-01
1.997896165970199645e-01
1.796590685159110135e-01
1.802781894739424184e-01
1.775773566646275670e-01
1.466177424461625467e-01
1.441994941044901501e-01
1.313173488157873825e-01
1.263328243173162391e-01
1.218181928121231383e-01
1.277599452097355481e-01
1.078947246161819362e-01
9.987001602083551977e-02
1.011596070573606287e-01
9.495735305914475288e-02
8.943168398278089626e-02
8.413476332649547085e-02
7.617510157523493808e-02
6.610799043989126766e-02
6.475823422546263253e-02
5.599698295444242857e-02
5.562301771746659684e-02
5.505081652438822970e-02
5.434381381537882472e-02
4.911875914555439288e-02
4.495433349524185357e-02
4.177583033284078262e-02
3.940031598859466966e-02
