-9.098548e-01 5.445376e-02 -4.113381e-01 -1.872835e+02 4.117828e-02 9.983072e-01 4.107410e-02 1.870218e+00 4.128785e-01 2.043327e-02 -9.105569e-01 5.417085e+01
-9.283201e-01 4.509830e-02 -3.690366e-01 -1.874227e+02 3.357747e-02 9.987291e-01 3.758534e-02 1.883289e+00 3.702626e-01 2.249990e-02 -9.286546e-01 5.369416e+01
-9.452512e-01 3.706129e-02 -3.242324e-01 -1.875256e+02 2.776133e-02 9.990610e-01 3.326342e-02 1.887417e+00 3.251607e-01 2.244117e-02 -9.453925e-01 5.321309e+01
-9.602059e-01 3.410654e-02 -2.772028e-01 -1.876307e+02 2.674480e-02 9.991831e-01 3.029615e-02 1.893359e+00 2.780097e-01 2.167680e-02 -9.603337e-01 5.273710e+01
-9.729422e-01 3.276894e-02 -2.287129e-01 -1.876915e+02 2.667847e-02 9.992036e-01 2.967147e-02 1.900316e+00 2.295031e-01 2.276691e-02 -9.730416e-01 5.225276e+01
-9.831529e-01 3.240420e-02 -1.798899e-01 -1.877485e+02 2.738709e-02 9.991654e-01 3.030454e-02 1.901338e+00 1.807218e-01 2.486734e-02 -9.832198e-01 5.177232e+01
-9.911510e-01 2.523874e-02 -1.303180e-01 -1.877723e+02 2.111370e-02 9.992343e-01 3.293915e-02 1.900778e+00 1.310496e-01 2.989617e-02 -9.909249e-01 5.129098e+01
-9.966637e-01 1.446740e-02 -8.032513e-02 -1.877414e+02 1.146235e-02 9.992216e-01 3.774707e-02 1.901606e+00 8.080871e-02 3.670042e-02 -9.960537e-01 5.080341e+01
-9.995040e-01 1.006074e-02 -2.984320e-02 -1.877165e+02 8.815319e-03 9.990965e-01 4.157437e-02 1.903912e+00 3.023451e-02 4.129067e-02 -9.986896e-01 5.033042e+01
-9.996705e-01 1.307490e-02 2.209183e-02 -1.876828e+02 1.395603e-02 9.990937e-01 4.021250e-02 1.909578e+00 -2.154603e-02 4.050756e-02 -9.989469e-01 4.986716e+01
-9.970705e-01 2.051987e-02 7.368440e-02 -1.876045e+02 2.335961e-02 9.990090e-01 3.788635e-02 1.913879e+00 -7.283396e-02 3.949659e-02 -9.965617e-01 4.940375e+01
-9.919546e-01 2.316199e-02 1.244574e-01 -1.875198e+02 2.767742e-02 9.990153e-01 3.467489e-02 1.916071e+00 -1.235318e-01 3.784057e-02 -9.916189e-01 4.895472e+01
-9.843986e-01 2.362611e-02 1.743596e-01 -1.873856e+02 2.975169e-02 9.990255e-01 3.260177e-02 1.916040e+00 -1.734194e-01 3.728062e-02 -9.841422e-01 4.850872e+01
-9.745046e-01 2.207656e-02 2.232787e-01 -1.872454e+02 2.939030e-02 9.991330e-01 2.948581e-02 1.919502e+00 -2.224342e-01 3.529628e-02 -9.743086e-01 4.808322e+01
-9.620042e-01 2.331542e-02 2.720374e-01 -1.870919e+02 3.162970e-02 9.991557e-01 2.621754e-02 1.921924e+00 -2.711965e-01 3.382584e-02 -9.619295e-01 4.766758e+01
-9.466844e-01 2.747540e-02 3.209888e-01 -1.869050e+02 3.735473e-02 9.989978e-01 2.465901e-02 1.925132e+00 -3.199896e-01 3.533474e-02 -9.467619e-01 4.724980e+01
-9.303521e-01 3.021656e-02 3.654203e-01 -1.867142e+02 4.116827e-02 9.989052e-01 2.221412e-02 1.922721e+00 -3.643491e-01 3.571067e-02 -9.305775e-01 4.684089e+01
-9.132370e-01 2.475193e-02 4.066762e-01 -1.864782e+02 3.739334e-02 9.990320e-01 2.316585e-02 1.917552e+00 -4.057092e-01 3.636289e-02 -9.132786e-01 4.643056e+01
-8.953418e-01 1.994046e-02 4.449332e-01 -1.862433e+02 3.564541e-02 9.990008e-01 2.695748e-02 1.910636e+00 -4.439511e-01 3.999598e-02 -8.951580e-01 4.602498e+01
-8.776813e-01 1.983338e-02 4.788341e-01 -1.859999e+02 3.901401e-02 9.987839e-01 3.014110e-02 1.906858e+00 -4.776541e-01 4.513551e-02 -8.773878e-01 4.562057e+01
-8.608718e-01 2.164481e-02 5.083614e-01 -1.857437e+02 4.407236e-02 9.985119e-01 3.211896e-02 1.904895e+00 -5.069097e-01 5.005498e-02 -8.605447e-01 4.521752e+01
